
TIME    TEMP   VCCINT   VCCBRAM   VCCAUX   VP     VN    VAUXP[0]   VAUXN[0]   VAUXP[1]   VAUXN[1]   VAUXP[2]   VAUXN[2]   VAUXP[3]   VAUXN[3]   VAUXP[4]   VAUXN[4]   VAUXP[5]   VAUXN[5]   VAUXP[6]   VAUXN[6]   VAUXP[7]   VAUXN[7]   VAUXP[8]   VAUXN[8]   VAUXP[9]   VAUXN[9]   VAUXP[10]   VAUXN[10]   VAUXP[11]   VAUXN[11]   VAUXP[12]   VAUXN[12]   VAUXP[13]   VAUXN[13]   VAUXP[14]   VAUXN[14]   VAUXP[15]   VAUXN[15]
0 63.0  1.02  1.02  1.8  0.50  0.0  0.50  0  0.50  0  0.50  0  0.50  0  0.50  0  0.50  0  0.50  0  0.50  0  0.50  0  0.50  0  0.50  0  0.50  0  0.50  0  0.50  0  0.50  0  0.50  0 //
10140 63.0  1.02  1.02  1.8  0.53  0.0  0.53  0  0.53  0  0.53  0  0.53  0  0.53  0  0.53  0  0.53  0  0.53  0  0.53  0  0.53  0  0.53  0  0.53  0  0.53  0  0.53  0  0.53  0  0.53  0 //
20280 63.0  1.02  1.02  1.8  0.56  0.0  0.56  0  0.56  0  0.56  0  0.56  0  0.56  0  0.56  0  0.56  0  0.56  0  0.56  0  0.56  0  0.56  0  0.56  0  0.56  0  0.56  0  0.56  0  0.56  0 //
30420 63.0  1.02  1.02  1.8  0.59  0.0  0.59  0  0.59  0  0.59  0  0.59  0  0.59  0  0.59  0  0.59  0  0.59  0  0.59  0  0.59  0  0.59  0  0.59  0  0.59  0  0.59  0  0.59  0  0.59  0 //
40560 63.0  1.02  1.02  1.8  0.63  0.0  0.63  0  0.63  0  0.63  0  0.63  0  0.63  0  0.63  0  0.63  0  0.63  0  0.63  0  0.63  0  0.63  0  0.63  0  0.63  0  0.63  0  0.63  0  0.63  0 //
50700 63.0  1.02  1.02  1.8  0.66  0.0  0.66  0  0.66  0  0.66  0  0.66  0  0.66  0  0.66  0  0.66  0  0.66  0  0.66  0  0.66  0  0.66  0  0.66  0  0.66  0  0.66  0  0.66  0  0.66  0 //
60840 63.0  1.02  1.02  1.8  0.69  0.0  0.69  0  0.69  0  0.69  0  0.69  0  0.69  0  0.69  0  0.69  0  0.69  0  0.69  0  0.69  0  0.69  0  0.69  0  0.69  0  0.69  0  0.69  0  0.69  0 //
70980 63.0  1.02  1.02  1.8  0.72  0.0  0.72  0  0.72  0  0.72  0  0.72  0  0.72  0  0.72  0  0.72  0  0.72  0  0.72  0  0.72  0  0.72  0  0.72  0  0.72  0  0.72  0  0.72  0  0.72  0 //
81120 63.0  1.02  1.02  1.8  0.74  0.0  0.74  0  0.74  0  0.74  0  0.74  0  0.74  0  0.74  0  0.74  0  0.74  0  0.74  0  0.74  0  0.74  0  0.74  0  0.74  0  0.74  0  0.74  0  0.74  0 //
91260 63.0  1.02  1.02  1.8  0.77  0.0  0.77  0  0.77  0  0.77  0  0.77  0  0.77  0  0.77  0  0.77  0  0.77  0  0.77  0  0.77  0  0.77  0  0.77  0  0.77  0  0.77  0  0.77  0  0.77  0 //
101400 63.0  1.02  1.02  1.8  0.80  0.0  0.80  0  0.80  0  0.80  0  0.80  0  0.80  0  0.80  0  0.80  0  0.80  0  0.80  0  0.80  0  0.80  0  0.80  0  0.80  0  0.80  0  0.80  0  0.80  0 //
111540 63.0  1.02  1.02  1.8  0.82  0.0  0.82  0  0.82  0  0.82  0  0.82  0  0.82  0  0.82  0  0.82  0  0.82  0  0.82  0  0.82  0  0.82  0  0.82  0  0.82  0  0.82  0  0.82  0  0.82  0 //
121680 63.0  1.02  1.02  1.8  0.85  0.0  0.85  0  0.85  0  0.85  0  0.85  0  0.85  0  0.85  0  0.85  0  0.85  0  0.85  0  0.85  0  0.85  0  0.85  0  0.85  0  0.85  0  0.85  0  0.85  0 //
131820 63.0  1.02  1.02  1.8  0.87  0.0  0.87  0  0.87  0  0.87  0  0.87  0  0.87  0  0.87  0  0.87  0  0.87  0  0.87  0  0.87  0  0.87  0  0.87  0  0.87  0  0.87  0  0.87  0  0.87  0 //
141960 63.0  1.02  1.02  1.8  0.89  0.0  0.89  0  0.89  0  0.89  0  0.89  0  0.89  0  0.89  0  0.89  0  0.89  0  0.89  0  0.89  0  0.89  0  0.89  0  0.89  0  0.89  0  0.89  0  0.89  0 //
152100 63.0  1.02  1.02  1.8  0.91  0.0  0.91  0  0.91  0  0.91  0  0.91  0  0.91  0  0.91  0  0.91  0  0.91  0  0.91  0  0.91  0  0.91  0  0.91  0  0.91  0  0.91  0  0.91  0  0.91  0 //
162240 63.0  1.02  1.02  1.8  0.93  0.0  0.93  0  0.93  0  0.93  0  0.93  0  0.93  0  0.93  0  0.93  0  0.93  0  0.93  0  0.93  0  0.93  0  0.93  0  0.93  0  0.93  0  0.93  0  0.93  0 //
172380 63.0  1.02  1.02  1.8  0.94  0.0  0.94  0  0.94  0  0.94  0  0.94  0  0.94  0  0.94  0  0.94  0  0.94  0  0.94  0  0.94  0  0.94  0  0.94  0  0.94  0  0.94  0  0.94  0  0.94  0 //
182520 63.0  1.02  1.02  1.8  0.96  0.0  0.96  0  0.96  0  0.96  0  0.96  0  0.96  0  0.96  0  0.96  0  0.96  0  0.96  0  0.96  0  0.96  0  0.96  0  0.96  0  0.96  0  0.96  0  0.96  0 //
192660 63.0  1.02  1.02  1.8  0.97  0.0  0.97  0  0.97  0  0.97  0  0.97  0  0.97  0  0.97  0  0.97  0  0.97  0  0.97  0  0.97  0  0.97  0  0.97  0  0.97  0  0.97  0  0.97  0  0.97  0 //
202800 63.0  1.02  1.02  1.8  0.98  0.0  0.98  0  0.98  0  0.98  0  0.98  0  0.98  0  0.98  0  0.98  0  0.98  0  0.98  0  0.98  0  0.98  0  0.98  0  0.98  0  0.98  0  0.98  0  0.98  0 //
212940 63.0  1.02  1.02  1.8  0.99  0.0  0.99  0  0.99  0  0.99  0  0.99  0  0.99  0  0.99  0  0.99  0  0.99  0  0.99  0  0.99  0  0.99  0  0.99  0  0.99  0  0.99  0  0.99  0  0.99  0 //
223080 63.0  1.02  1.02  1.8  0.99  0.0  0.99  0  0.99  0  0.99  0  0.99  0  0.99  0  0.99  0  0.99  0  0.99  0  0.99  0  0.99  0  0.99  0  0.99  0  0.99  0  0.99  0  0.99  0  0.99  0 //
233220 63.0  1.02  1.02  1.8  1.00  0.0  1.00  0  1.00  0  1.00  0  1.00  0  1.00  0  1.00  0  1.00  0  1.00  0  1.00  0  1.00  0  1.00  0  1.00  0  1.00  0  1.00  0  1.00  0  1.00  0 //
243360 63.0  1.02  1.02  1.8  1.00  0.0  1.00  0  1.00  0  1.00  0  1.00  0  1.00  0  1.00  0  1.00  0  1.00  0  1.00  0  1.00  0  1.00  0  1.00  0  1.00  0  1.00  0  1.00  0  1.00  0 //
253500 63.0  1.02  1.02  1.8  1.00  0.0  1.00  0  1.00  0  1.00  0  1.00  0  1.00  0  1.00  0  1.00  0  1.00  0  1.00  0  1.00  0  1.00  0  1.00  0  1.00  0  1.00  0  1.00  0  1.00  0 //
263640 63.0  1.02  1.02  1.8  1.00  0.0  1.00  0  1.00  0  1.00  0  1.00  0  1.00  0  1.00  0  1.00  0  1.00  0  1.00  0  1.00  0  1.00  0  1.00  0  1.00  0  1.00  0  1.00  0  1.00  0 //
273780 63.0  1.02  1.02  1.8  0.99  0.0  0.99  0  0.99  0  0.99  0  0.99  0  0.99  0  0.99  0  0.99  0  0.99  0  0.99  0  0.99  0  0.99  0  0.99  0  0.99  0  0.99  0  0.99  0  0.99  0 //
283920 63.0  1.02  1.02  1.8  0.99  0.0  0.99  0  0.99  0  0.99  0  0.99  0  0.99  0  0.99  0  0.99  0  0.99  0  0.99  0  0.99  0  0.99  0  0.99  0  0.99  0  0.99  0  0.99  0  0.99  0 //
294060 63.0  1.02  1.02  1.8  0.98  0.0  0.98  0  0.98  0  0.98  0  0.98  0  0.98  0  0.98  0  0.98  0  0.98  0  0.98  0  0.98  0  0.98  0  0.98  0  0.98  0  0.98  0  0.98  0  0.98  0 //
304200 63.0  1.02  1.02  1.8  0.97  0.0  0.97  0  0.97  0  0.97  0  0.97  0  0.97  0  0.97  0  0.97  0  0.97  0  0.97  0  0.97  0  0.97  0  0.97  0  0.97  0  0.97  0  0.97  0  0.97  0 //
314340 63.0  1.02  1.02  1.8  0.96  0.0  0.96  0  0.96  0  0.96  0  0.96  0  0.96  0  0.96  0  0.96  0  0.96  0  0.96  0  0.96  0  0.96  0  0.96  0  0.96  0  0.96  0  0.96  0  0.96  0 //
324480 63.0  1.02  1.02  1.8  0.95  0.0  0.95  0  0.95  0  0.95  0  0.95  0  0.95  0  0.95  0  0.95  0  0.95  0  0.95  0  0.95  0  0.95  0  0.95  0  0.95  0  0.95  0  0.95  0  0.95  0 //
334620 63.0  1.02  1.02  1.8  0.93  0.0  0.93  0  0.93  0  0.93  0  0.93  0  0.93  0  0.93  0  0.93  0  0.93  0  0.93  0  0.93  0  0.93  0  0.93  0  0.93  0  0.93  0  0.93  0  0.93  0 //
344760 63.0  1.02  1.02  1.8  0.91  0.0  0.91  0  0.91  0  0.91  0  0.91  0  0.91  0  0.91  0  0.91  0  0.91  0  0.91  0  0.91  0  0.91  0  0.91  0  0.91  0  0.91  0  0.91  0  0.91  0 //
354900 63.0  1.02  1.02  1.8  0.90  0.0  0.90  0  0.90  0  0.90  0  0.90  0  0.90  0  0.90  0  0.90  0  0.90  0  0.90  0  0.90  0  0.90  0  0.90  0  0.90  0  0.90  0  0.90  0  0.90  0 //
365040 63.0  1.02  1.02  1.8  0.87  0.0  0.87  0  0.87  0  0.87  0  0.87  0  0.87  0  0.87  0  0.87  0  0.87  0  0.87  0  0.87  0  0.87  0  0.87  0  0.87  0  0.87  0  0.87  0  0.87  0 //
375180 63.0  1.02  1.02  1.8  0.85  0.0  0.85  0  0.85  0  0.85  0  0.85  0  0.85  0  0.85  0  0.85  0  0.85  0  0.85  0  0.85  0  0.85  0  0.85  0  0.85  0  0.85  0  0.85  0  0.85  0 //
385320 63.0  1.02  1.02  1.8  0.83  0.0  0.83  0  0.83  0  0.83  0  0.83  0  0.83  0  0.83  0  0.83  0  0.83  0  0.83  0  0.83  0  0.83  0  0.83  0  0.83  0  0.83  0  0.83  0  0.83  0 //
395460 63.0  1.02  1.02  1.8  0.81  0.0  0.81  0  0.81  0  0.81  0  0.81  0  0.81  0  0.81  0  0.81  0  0.81  0  0.81  0  0.81  0  0.81  0  0.81  0  0.81  0  0.81  0  0.81  0  0.81  0 //
405600 63.0  1.02  1.02  1.8  0.78  0.0  0.78  0  0.78  0  0.78  0  0.78  0  0.78  0  0.78  0  0.78  0  0.78  0  0.78  0  0.78  0  0.78  0  0.78  0  0.78  0  0.78  0  0.78  0  0.78  0 //
415740 63.0  1.02  1.02  1.8  0.75  0.0  0.75  0  0.75  0  0.75  0  0.75  0  0.75  0  0.75  0  0.75  0  0.75  0  0.75  0  0.75  0  0.75  0  0.75  0  0.75  0  0.75  0  0.75  0  0.75  0 //
425880 63.0  1.02  1.02  1.8  0.72  0.0  0.72  0  0.72  0  0.72  0  0.72  0  0.72  0  0.72  0  0.72  0  0.72  0  0.72  0  0.72  0  0.72  0  0.72  0  0.72  0  0.72  0  0.72  0  0.72  0 //
436020 63.0  1.02  1.02  1.8  0.70  0.0  0.70  0  0.70  0  0.70  0  0.70  0  0.70  0  0.70  0  0.70  0  0.70  0  0.70  0  0.70  0  0.70  0  0.70  0  0.70  0  0.70  0  0.70  0  0.70  0 //
446160 63.0  1.02  1.02  1.8  0.67  0.0  0.67  0  0.67  0  0.67  0  0.67  0  0.67  0  0.67  0  0.67  0  0.67  0  0.67  0  0.67  0  0.67  0  0.67  0  0.67  0  0.67  0  0.67  0  0.67  0 //
456300 63.0  1.02  1.02  1.8  0.64  0.0  0.64  0  0.64  0  0.64  0  0.64  0  0.64  0  0.64  0  0.64  0  0.64  0  0.64  0  0.64  0  0.64  0  0.64  0  0.64  0  0.64  0  0.64  0  0.64  0 //
466440 63.0  1.02  1.02  1.8  0.60  0.0  0.60  0  0.60  0  0.60  0  0.60  0  0.60  0  0.60  0  0.60  0  0.60  0  0.60  0  0.60  0  0.60  0  0.60  0  0.60  0  0.60  0  0.60  0  0.60  0 //
476580 63.0  1.02  1.02  1.8  0.57  0.0  0.57  0  0.57  0  0.57  0  0.57  0  0.57  0  0.57  0  0.57  0  0.57  0  0.57  0  0.57  0  0.57  0  0.57  0  0.57  0  0.57  0  0.57  0  0.57  0 //
486720 63.0  1.02  1.02  1.8  0.54  0.0  0.54  0  0.54  0  0.54  0  0.54  0  0.54  0  0.54  0  0.54  0  0.54  0  0.54  0  0.54  0  0.54  0  0.54  0  0.54  0  0.54  0  0.54  0  0.54  0 //
496860 63.0  1.02  1.02  1.8  0.51  0.0  0.51  0  0.51  0  0.51  0  0.51  0  0.51  0  0.51  0  0.51  0  0.51  0  0.51  0  0.51  0  0.51  0  0.51  0  0.51  0  0.51  0  0.51  0  0.51  0 //
507000 63.0  1.02  1.02  1.8  0.48  0.0  0.48  0  0.48  0  0.48  0  0.48  0  0.48  0  0.48  0  0.48  0  0.48  0  0.48  0  0.48  0  0.48  0  0.48  0  0.48  0  0.48  0  0.48  0  0.48  0 //
517140 63.0  1.02  1.02  1.8  0.45  0.0  0.45  0  0.45  0  0.45  0  0.45  0  0.45  0  0.45  0  0.45  0  0.45  0  0.45  0  0.45  0  0.45  0  0.45  0  0.45  0  0.45  0  0.45  0  0.45  0 //
527280 63.0  1.02  1.02  1.8  0.41  0.0  0.41  0  0.41  0  0.41  0  0.41  0  0.41  0  0.41  0  0.41  0  0.41  0  0.41  0  0.41  0  0.41  0  0.41  0  0.41  0  0.41  0  0.41  0  0.41  0 //
537420 63.0  1.02  1.02  1.8  0.38  0.0  0.38  0  0.38  0  0.38  0  0.38  0  0.38  0  0.38  0  0.38  0  0.38  0  0.38  0  0.38  0  0.38  0  0.38  0  0.38  0  0.38  0  0.38  0  0.38  0 //
547560 63.0  1.02  1.02  1.8  0.35  0.0  0.35  0  0.35  0  0.35  0  0.35  0  0.35  0  0.35  0  0.35  0  0.35  0  0.35  0  0.35  0  0.35  0  0.35  0  0.35  0  0.35  0  0.35  0  0.35  0 //
557700 63.0  1.02  1.02  1.8  0.32  0.0  0.32  0  0.32  0  0.32  0  0.32  0  0.32  0  0.32  0  0.32  0  0.32  0  0.32  0  0.32  0  0.32  0  0.32  0  0.32  0  0.32  0  0.32  0  0.32  0 //
567840 63.0  1.02  1.02  1.8  0.29  0.0  0.29  0  0.29  0  0.29  0  0.29  0  0.29  0  0.29  0  0.29  0  0.29  0  0.29  0  0.29  0  0.29  0  0.29  0  0.29  0  0.29  0  0.29  0  0.29  0 //
577980 63.0  1.02  1.02  1.8  0.26  0.0  0.26  0  0.26  0  0.26  0  0.26  0  0.26  0  0.26  0  0.26  0  0.26  0  0.26  0  0.26  0  0.26  0  0.26  0  0.26  0  0.26  0  0.26  0  0.26  0 //
588120 63.0  1.02  1.02  1.8  0.24  0.0  0.24  0  0.24  0  0.24  0  0.24  0  0.24  0  0.24  0  0.24  0  0.24  0  0.24  0  0.24  0  0.24  0  0.24  0  0.24  0  0.24  0  0.24  0  0.24  0 //
598260 63.0  1.02  1.02  1.8  0.21  0.0  0.21  0  0.21  0  0.21  0  0.21  0  0.21  0  0.21  0  0.21  0  0.21  0  0.21  0  0.21  0  0.21  0  0.21  0  0.21  0  0.21  0  0.21  0  0.21  0 //
608400 63.0  1.02  1.02  1.8  0.19  0.0  0.19  0  0.19  0  0.19  0  0.19  0  0.19  0  0.19  0  0.19  0  0.19  0  0.19  0  0.19  0  0.19  0  0.19  0  0.19  0  0.19  0  0.19  0  0.19  0 //
618540 63.0  1.02  1.02  1.8  0.16  0.0  0.16  0  0.16  0  0.16  0  0.16  0  0.16  0  0.16  0  0.16  0  0.16  0  0.16  0  0.16  0  0.16  0  0.16  0  0.16  0  0.16  0  0.16  0  0.16  0 //
628680 63.0  1.02  1.02  1.8  0.14  0.0  0.14  0  0.14  0  0.14  0  0.14  0  0.14  0  0.14  0  0.14  0  0.14  0  0.14  0  0.14  0  0.14  0  0.14  0  0.14  0  0.14  0  0.14  0  0.14  0 //
638820 63.0  1.02  1.02  1.8  0.12  0.0  0.12  0  0.12  0  0.12  0  0.12  0  0.12  0  0.12  0  0.12  0  0.12  0  0.12  0  0.12  0  0.12  0  0.12  0  0.12  0  0.12  0  0.12  0  0.12  0 //
648960 63.0  1.02  1.02  1.8  0.10  0.0  0.10  0  0.10  0  0.10  0  0.10  0  0.10  0  0.10  0  0.10  0  0.10  0  0.10  0  0.10  0  0.10  0  0.10  0  0.10  0  0.10  0  0.10  0  0.10  0 //
659100 63.0  1.02  1.02  1.8  0.08  0.0  0.08  0  0.08  0  0.08  0  0.08  0  0.08  0  0.08  0  0.08  0  0.08  0  0.08  0  0.08  0  0.08  0  0.08  0  0.08  0  0.08  0  0.08  0  0.08  0 //
669240 63.0  1.02  1.02  1.8  0.06  0.0  0.06  0  0.06  0  0.06  0  0.06  0  0.06  0  0.06  0  0.06  0  0.06  0  0.06  0  0.06  0  0.06  0  0.06  0  0.06  0  0.06  0  0.06  0  0.06  0 //
679380 63.0  1.02  1.02  1.8  0.05  0.0  0.05  0  0.05  0  0.05  0  0.05  0  0.05  0  0.05  0  0.05  0  0.05  0  0.05  0  0.05  0  0.05  0  0.05  0  0.05  0  0.05  0  0.05  0  0.05  0 //
689520 63.0  1.02  1.02  1.8  0.04  0.0  0.04  0  0.04  0  0.04  0  0.04  0  0.04  0  0.04  0  0.04  0  0.04  0  0.04  0  0.04  0  0.04  0  0.04  0  0.04  0  0.04  0  0.04  0  0.04  0 //
699660 63.0  1.02  1.02  1.8  0.02  0.0  0.02  0  0.02  0  0.02  0  0.02  0  0.02  0  0.02  0  0.02  0  0.02  0  0.02  0  0.02  0  0.02  0  0.02  0  0.02  0  0.02  0  0.02  0  0.02  0 //
709800 63.0  1.02  1.02  1.8  0.02  0.0  0.02  0  0.02  0  0.02  0  0.02  0  0.02  0  0.02  0  0.02  0  0.02  0  0.02  0  0.02  0  0.02  0  0.02  0  0.02  0  0.02  0  0.02  0  0.02  0 //
719940 63.0  1.02  1.02  1.8  0.01  0.0  0.01  0  0.01  0  0.01  0  0.01  0  0.01  0  0.01  0  0.01  0  0.01  0  0.01  0  0.01  0  0.01  0  0.01  0  0.01  0  0.01  0  0.01  0  0.01  0 //
730080 63.0  1.02  1.02  1.8  0.00  0.0  0.00  0  0.00  0  0.00  0  0.00  0  0.00  0  0.00  0  0.00  0  0.00  0  0.00  0  0.00  0  0.00  0  0.00  0  0.00  0  0.00  0  0.00  0  0.00  0 //
740220 63.0  1.02  1.02  1.8  0.00  0.0  0.00  0  0.00  0  0.00  0  0.00  0  0.00  0  0.00  0  0.00  0  0.00  0  0.00  0  0.00  0  0.00  0  0.00  0  0.00  0  0.00  0  0.00  0  0.00  0 //
750360 63.0  1.02  1.02  1.8  0.00  0.0  0.00  0  0.00  0  0.00  0  0.00  0  0.00  0  0.00  0  0.00  0  0.00  0  0.00  0  0.00  0  0.00  0  0.00  0  0.00  0  0.00  0  0.00  0  0.00  0 //
760500 63.0  1.02  1.02  1.8  0.00  0.0  0.00  0  0.00  0  0.00  0  0.00  0  0.00  0  0.00  0  0.00  0  0.00  0  0.00  0  0.00  0  0.00  0  0.00  0  0.00  0  0.00  0  0.00  0  0.00  0 //
770640 63.0  1.02  1.02  1.8  0.00  0.0  0.00  0  0.00  0  0.00  0  0.00  0  0.00  0  0.00  0  0.00  0  0.00  0  0.00  0  0.00  0  0.00  0  0.00  0  0.00  0  0.00  0  0.00  0  0.00  0 //
780780 63.0  1.02  1.02  1.8  0.01  0.0  0.01  0  0.01  0  0.01  0  0.01  0  0.01  0  0.01  0  0.01  0  0.01  0  0.01  0  0.01  0  0.01  0  0.01  0  0.01  0  0.01  0  0.01  0  0.01  0 //
790920 63.0  1.02  1.02  1.8  0.02  0.0  0.02  0  0.02  0  0.02  0  0.02  0  0.02  0  0.02  0  0.02  0  0.02  0  0.02  0  0.02  0  0.02  0  0.02  0  0.02  0  0.02  0  0.02  0  0.02  0 //
801060 63.0  1.02  1.02  1.8  0.03  0.0  0.03  0  0.03  0  0.03  0  0.03  0  0.03  0  0.03  0  0.03  0  0.03  0  0.03  0  0.03  0  0.03  0  0.03  0  0.03  0  0.03  0  0.03  0  0.03  0 //
811200 63.0  1.02  1.02  1.8  0.04  0.0  0.04  0  0.04  0  0.04  0  0.04  0  0.04  0  0.04  0  0.04  0  0.04  0  0.04  0  0.04  0  0.04  0  0.04  0  0.04  0  0.04  0  0.04  0  0.04  0 //
821340 63.0  1.02  1.02  1.8  0.05  0.0  0.05  0  0.05  0  0.05  0  0.05  0  0.05  0  0.05  0  0.05  0  0.05  0  0.05  0  0.05  0  0.05  0  0.05  0  0.05  0  0.05  0  0.05  0  0.05  0 //
831480 63.0  1.02  1.02  1.8  0.06  0.0  0.06  0  0.06  0  0.06  0  0.06  0  0.06  0  0.06  0  0.06  0  0.06  0  0.06  0  0.06  0  0.06  0  0.06  0  0.06  0  0.06  0  0.06  0  0.06  0 //
841620 63.0  1.02  1.02  1.8  0.08  0.0  0.08  0  0.08  0  0.08  0  0.08  0  0.08  0  0.08  0  0.08  0  0.08  0  0.08  0  0.08  0  0.08  0  0.08  0  0.08  0  0.08  0  0.08  0  0.08  0 //
851760 63.0  1.02  1.02  1.8  0.10  0.0  0.10  0  0.10  0  0.10  0  0.10  0  0.10  0  0.10  0  0.10  0  0.10  0  0.10  0  0.10  0  0.10  0  0.10  0  0.10  0  0.10  0  0.10  0  0.10  0 //
861900 63.0  1.02  1.02  1.8  0.12  0.0  0.12  0  0.12  0  0.12  0  0.12  0  0.12  0  0.12  0  0.12  0  0.12  0  0.12  0  0.12  0  0.12  0  0.12  0  0.12  0  0.12  0  0.12  0  0.12  0 //
872040 63.0  1.02  1.02  1.8  0.14  0.0  0.14  0  0.14  0  0.14  0  0.14  0  0.14  0  0.14  0  0.14  0  0.14  0  0.14  0  0.14  0  0.14  0  0.14  0  0.14  0  0.14  0  0.14  0  0.14  0 //
882180 63.0  1.02  1.02  1.8  0.16  0.0  0.16  0  0.16  0  0.16  0  0.16  0  0.16  0  0.16  0  0.16  0  0.16  0  0.16  0  0.16  0  0.16  0  0.16  0  0.16  0  0.16  0  0.16  0  0.16  0 //
892320 63.0  1.02  1.02  1.8  0.19  0.0  0.19  0  0.19  0  0.19  0  0.19  0  0.19  0  0.19  0  0.19  0  0.19  0  0.19  0  0.19  0  0.19  0  0.19  0  0.19  0  0.19  0  0.19  0  0.19  0 //
902460 63.0  1.02  1.02  1.8  0.21  0.0  0.21  0  0.21  0  0.21  0  0.21  0  0.21  0  0.21  0  0.21  0  0.21  0  0.21  0  0.21  0  0.21  0  0.21  0  0.21  0  0.21  0  0.21  0  0.21  0 //
912600 63.0  1.02  1.02  1.8  0.24  0.0  0.24  0  0.24  0  0.24  0  0.24  0  0.24  0  0.24  0  0.24  0  0.24  0  0.24  0  0.24  0  0.24  0  0.24  0  0.24  0  0.24  0  0.24  0  0.24  0 //
922740 63.0  1.02  1.02  1.8  0.27  0.0  0.27  0  0.27  0  0.27  0  0.27  0  0.27  0  0.27  0  0.27  0  0.27  0  0.27  0  0.27  0  0.27  0  0.27  0  0.27  0  0.27  0  0.27  0  0.27  0 //
932880 63.0  1.02  1.02  1.8  0.30  0.0  0.30  0  0.30  0  0.30  0  0.30  0  0.30  0  0.30  0  0.30  0  0.30  0  0.30  0  0.30  0  0.30  0  0.30  0  0.30  0  0.30  0  0.30  0  0.30  0 //
943020 63.0  1.02  1.02  1.8  0.32  0.0  0.32  0  0.32  0  0.32  0  0.32  0  0.32  0  0.32  0  0.32  0  0.32  0  0.32  0  0.32  0  0.32  0  0.32  0  0.32  0  0.32  0  0.32  0  0.32  0 //
953160 63.0  1.02  1.02  1.8  0.35  0.0  0.35  0  0.35  0  0.35  0  0.35  0  0.35  0  0.35  0  0.35  0  0.35  0  0.35  0  0.35  0  0.35  0  0.35  0  0.35  0  0.35  0  0.35  0  0.35  0 //
963300 63.0  1.02  1.02  1.8  0.39  0.0  0.39  0  0.39  0  0.39  0  0.39  0  0.39  0  0.39  0  0.39  0  0.39  0  0.39  0  0.39  0  0.39  0  0.39  0  0.39  0  0.39  0  0.39  0  0.39  0 //
973440 63.0  1.02  1.02  1.8  0.42  0.0  0.42  0  0.42  0  0.42  0  0.42  0  0.42  0  0.42  0  0.42  0  0.42  0  0.42  0  0.42  0  0.42  0  0.42  0  0.42  0  0.42  0  0.42  0  0.42  0 //
983580 63.0  1.02  1.02  1.8  0.45  0.0  0.45  0  0.45  0  0.45  0  0.45  0  0.45  0  0.45  0  0.45  0  0.45  0  0.45  0  0.45  0  0.45  0  0.45  0  0.45  0  0.45  0  0.45  0  0.45  0 //
993720 63.0  1.02  1.02  1.8  0.48  0.0  0.48  0  0.48  0  0.48  0  0.48  0  0.48  0  0.48  0  0.48  0  0.48  0  0.48  0  0.48  0  0.48  0  0.48  0  0.48  0  0.48  0  0.48  0  0.48  0 //
